5261.55978 19.029 0.048
5261.60142 19.134 0.056
5262.57719 19.179 0.050
5262.59552 19.087 0.054
5264.54374 19.126 0.046
5264.55864 19.135 0.047
5265.53860 19.283 0.074
5265.56009 19.181 0.064
5266.54039 19.030 0.052
5266.55603 19.061 0.051
5267.53918 19.018 0.051
5268.55098 19.024 0.061
5269.52313 19.104 0.050
5271.53185 19.265 0.055
5273.52109 19.095 0.048
5274.55230 19.210 0.067
5275.55065 19.065 0.044
5277.54671 19.224 0.078
5280.53297 19.119 0.060
5281.55502 19.036 0.049
5282.51340 19.112 0.053
5283.52758 19.141 0.088
5284.53316 19.115 0.058
5285.53340 19.255 0.093
5286.50790 19.058 0.057
5288.52602 19.168 0.078
5291.51817 19.188 0.054
5294.52772 19.277 0.069
5296.55720 19.191 0.064
5298.54168 18.923 0.052
5301.50181 19.007 0.056
5306.48104 19.174 0.065
5309.52565 18.944 0.064
5312.49693 19.014 0.073
5314.49133 18.984 0.072
5324.47222 19.129 0.072
5326.48006 19.115 0.054
5328.47128 19.063 0.058
5337.46746 19.102 0.081
5341.46591 18.986 0.075
5343.46832 19.064 0.081
5429.92166 19.098 0.037
5430.87295 19.115 0.059
5439.88146 19.073 0.050
5449.90009 19.074 0.039
5451.90916 19.034 0.067
5454.86510 19.162 0.043
5456.89077 19.209 0.035
5457.87320 19.205 0.035
5462.84217 19.232 0.054
5465.84538 19.186 0.060
5468.79823 19.072 0.047
5471.82102 19.148 0.039
5476.77422 19.022 0.031
5478.76217 19.162 0.038
5480.77952 19.145 0.039
5482.75529 18.926 0.044
5483.73165 19.050 0.041
5485.77384 19.140 0.035
5486.85205 19.064 0.039
5488.73053 19.077 0.040
5489.75170 19.126 0.039
5490.84159 19.105 0.048
5492.76145 19.102 0.044
5493.78380 18.999 0.046
5494.82851 19.191 0.052
5495.78563 19.219 0.049
5496.78346 18.960 0.054
5497.81366 19.167 0.050
5499.72066 19.051 0.041
5502.79079 19.173 0.037
5503.74604 19.102 0.036
5505.71571 19.066 0.046
5506.73320 19.093 0.031
5507.75132 19.103 0.031
5509.65973 19.055 0.041
5510.71564 19.119 0.034
5511.69120 19.087 0.046
5512.73489 19.197 0.038
5513.70514 19.095 0.042
5514.73769 19.083 0.034
5515.65495 18.991 0.049
5516.74051 19.089 0.038
5517.65362 19.106 0.053
5517.85455 19.114 0.043
5518.75005 19.150 0.071
5519.67357 19.122 0.075
5521.69331 19.152 0.065
5522.71842 19.108 0.069
5523.68314 19.073 0.049
5524.69159 19.151 0.043
5525.72465 19.073 0.037
5526.67670 19.151 0.042
5527.75741 19.156 0.036
5528.69844 19.015 0.041
5529.67876 19.162 0.046
5530.68596 19.170 0.040
5531.76917 19.200 0.036
5532.67727 19.156 0.039
5533.70059 19.136 0.043
5534.73215 19.177 0.037
5535.70894 19.205 0.040
5536.71160 19.158 0.036
5539.72187 19.128 0.038
5540.80599 19.118 0.039
5541.67216 19.135 0.043
5542.73057 19.034 0.035
5543.76199 19.148 0.058
5544.74961 19.157 0.041
5545.73889 18.982 0.043
5546.68855 19.154 0.053
5547.74830 19.213 0.060
5548.70827 19.038 0.049
5549.67281 19.203 0.053
5550.72824 19.185 0.053
5551.67876 19.140 0.060
5553.73177 19.055 0.052
5554.66513 19.101 0.047
5556.67971 19.203 0.042
5557.66087 19.139 0.042
5558.66178 19.116 0.039
5559.65195 19.058 0.054
5560.64362 19.067 0.036
5561.67721 19.183 0.053
5562.69676 19.050 0.044
5563.63073 19.035 0.044
5565.66198 19.040 0.041
5566.68930 19.143 0.041
5568.70958 19.026 0.044
5569.70413 19.165 0.049
5570.74195 19.040 0.043
5571.67470 19.047 0.044
5572.79057 18.990 0.042
5575.69615 19.087 0.046
5576.67036 19.159 0.038
5577.67191 19.008 0.049
5578.67869 19.147 0.050
5579.72226 19.103 0.064
5579.72905 18.970 0.063
5580.67274 19.131 0.041
5581.67519 19.294 0.060
5582.68299 19.005 0.052
5583.68975 19.166 0.043
5584.67577 19.105 0.047
5585.67562 19.000 0.042
5586.63937 19.166 0.047
5587.62151 19.178 0.046
5589.63151 19.143 0.034
5591.66886 19.077 0.034
5592.65110 19.183 0.035
5593.63404 19.145 0.042
5594.65023 19.075 0.035
5595.62888 19.085 0.037
5596.69206 19.128 0.043
5597.60947 18.999 0.055
5598.67363 19.160 0.039
5599.63944 19.066 0.046
5600.67217 19.086 0.035
5601.65178 19.090 0.033
5602.65048 19.027 0.034
5603.65924 19.030 0.043
5604.65637 19.225 0.051
5605.66147 19.082 0.039
5606.67282 19.034 0.047
5607.68424 19.154 0.061
5608.67110 19.049 0.065
5609.70282 19.134 0.061
5611.63270 19.100 0.069
5612.68589 18.999 0.068
5613.64741 19.103 0.059
5614.64104 19.134 0.049
5615.63480 19.090 0.046
5616.64355 19.140 0.043
5619.63406 19.113 0.043
5620.57657 18.945 0.048
5622.62869 19.160 0.055
5623.59158 19.061 0.043
5624.53268 19.045 0.062
5625.62432 19.106 0.044
5626.58543 18.910 0.049
5627.55013 19.049 0.036
5629.59037 19.076 0.040
5630.60181 19.098 0.056
5632.54987 18.963 0.050
5633.59891 19.010 0.044
5634.55928 19.007 0.047
5635.56360 19.018 0.049
5638.56822 19.068 0.077
5639.57845 19.077 0.074
5640.51745 18.989 0.067
5641.54511 18.902 0.044
5642.49336 19.131 0.060
5643.49112 19.103 0.078
5644.49286 19.117 0.060
5645.49259 19.046 0.076
5646.50561 19.013 0.050
5647.50755 19.115 0.047
5648.50741 18.969 0.042
5649.52298 19.014 0.049
5650.50339 19.027 0.041
5651.50935 19.162 0.038
5652.50427 19.123 0.042
5653.53438 19.242 0.053
5654.54284 19.017 0.049
5655.53403 19.080 0.044
5656.54294 19.175 0.046
5657.50290 19.139 0.056
5659.50216 19.112 0.051
5660.54756 19.057 0.048
5664.48176 19.047 0.075
5665.49697 19.128 0.074
5666.49380 19.146 0.074
5667.47522 18.922 0.063
5668.48152 19.086 0.071
5669.47553 19.041 0.056
5670.52701 18.930 0.054
5671.47735 19.004 0.065
5672.47186 19.268 0.079
5674.48035 19.146 0.064
5675.47323 18.970 0.071
5676.52814 19.040 0.024
5677.46992 19.191 0.052
5678.50414 18.932 0.042
5679.47145 19.038 0.048
5680.51988 19.012 0.061
5681.48289 19.008 0.058
5682.48395 19.133 0.062
5683.48842 19.038 0.056
5684.49258 19.130 0.060
5686.46604 19.063 0.048
5687.46678 19.094 0.065
5691.45973 19.053 0.087
5692.50542 19.060 0.080
5694.47279 19.085 0.071
5697.45907 19.053 0.072
5699.46861 19.097 0.096
5700.46019 18.976 0.081
5702.45710 19.041 0.082
5783.93395 19.150 0.046
5795.92351 19.123 0.056
5803.86884 19.189 0.043
5805.83334 19.196 0.049
5806.88434 19.155 0.043
5809.84563 19.238 0.035
5810.84871 19.014 0.040
5812.84153 19.170 0.042
5814.85835 19.224 0.059
5815.86998 19.034 0.044
5816.84410 19.000 0.052
5817.84471 19.145 0.049
5818.87384 19.089 0.051
5819.82779 19.131 0.044
5820.89524 19.194 0.044
5822.81546 19.173 0.046
5823.89033 19.118 0.044
5824.81228 19.016 0.034
5825.80053 19.153 0.039
5826.84904 19.184 0.038
5827.84301 19.134 0.036
5828.86922 19.157 0.037
5829.84195 19.159 0.033
5830.83420 19.068 0.034
5831.82584 19.109 0.031
5832.81530 19.121 0.032
5833.79963 19.079 0.038
5834.80057 19.115 0.032
5835.86049 18.992 0.036
5836.76403 19.048 0.033
5837.84582 19.193 0.040
5839.82796 19.097 0.039
5840.81092 19.123 0.035
5841.80795 19.031 0.039
5842.82615 19.077 0.052
5843.84160 19.136 0.042
5845.80568 18.927 0.064
5846.81710 19.197 0.082
5850.78092 19.043 0.036
5851.79001 19.111 0.048
5852.77245 19.114 0.044
5853.84347 19.184 0.054
5854.74808 19.029 0.033
5855.81850 19.160 0.035
5856.79007 19.013 0.059
5857.77440 19.011 0.053
5858.82430 19.042 0.055
5859.79225 19.076 0.042
5860.77788 19.005 0.039
5861.78686 19.023 0.041
5863.78880 19.092 0.039
5864.69739 19.171 0.038
5865.76695 18.977 0.039
5866.79105 19.181 0.041
5867.72964 19.160 0.038
5868.83145 19.119 0.036
5869.79695 19.139 0.034
5870.73675 19.215 0.044
5871.72282 19.097 0.038
5872.73218 19.100 0.038
5873.72740 19.114 0.052
5874.76099 19.149 0.071
5875.69692 19.133 0.055
5878.73434 19.012 0.060
5879.68192 19.126 0.056
5880.73339 19.068 0.041
5880.78440 19.100 0.046
5881.71998 19.221 0.046
5882.75074 18.998 0.037
5883.75471 19.155 0.052
5885.68563 19.151 0.051
5886.72207 19.090 0.058
5887.79440 19.077 0.031
5888.78307 19.070 0.041
5889.82163 19.065 0.046
5890.75881 19.032 0.036
5891.71743 19.078 0.046
5892.73522 19.178 0.044
5893.75334 19.093 0.040
5894.77679 19.095 0.040
5895.79389 19.094 0.047
5896.77690 19.051 0.040
5897.72373 19.129 0.036
5898.70591 19.206 0.042
5899.76509 18.988 0.038
5900.71472 19.084 0.039
5901.76401 19.097 0.048
5902.71525 19.136 0.058
5903.77043 19.098 0.051
5904.74503 19.146 0.049
5905.71909 19.047 0.049
5906.73098 19.153 0.056
5907.70734 19.211 0.058
5908.73376 19.084 0.052
5909.77886 19.173 0.047
5910.69162 19.052 0.041
5911.72348 19.178 0.040
5912.74397 19.148 0.039
5913.71588 19.150 0.035
5914.73853 19.067 0.033
5915.69553 19.199 0.037
5916.74941 19.117 0.033
5917.71304 19.029 0.031
5922.73005 19.064 0.030
5923.70633 19.073 0.030
5924.68760 19.204 0.041
5925.70163 19.057 0.049
5926.71341 19.065 0.039
5927.71242 19.163 0.050
5929.68658 19.103 0.044
5930.83174 18.934 0.034
5931.65215 19.045 0.044
5932.64957 19.102 0.046
5933.70001 19.055 0.052
5934.69680 19.084 0.040
5936.64145 19.208 0.054
5937.67166 19.085 0.044
5938.67240 19.188 0.046
5939.71577 19.046 0.046
5940.75171 19.052 0.039
5941.75204 19.016 0.042
5942.77638 19.079 0.039
5943.73389 19.148 0.044
5945.70701 19.170 0.038
5946.64673 19.133 0.041
5946.76361 19.039 0.046
5947.71373 18.989 0.046
5948.70302 18.978 0.043
5949.71917 19.035 0.041
5950.64019 19.150 0.035
5951.66553 19.037 0.040
5952.69012 19.087 0.031
5953.68808 19.103 0.044
5954.68564 19.080 0.030
5955.70762 19.114 0.046
5956.70828 19.023 0.032
5958.72544 19.084 0.033
5959.69743 18.976 0.037
5960.69784 19.130 0.038
5961.63120 19.168 0.038
5962.63212 19.085 0.058
5963.59879 18.981 0.056
5964.61078 19.026 0.056
5965.60974 19.099 0.054
5967.63187 19.051 0.055
5968.63196 19.064 0.051
5969.60796 18.981 0.035
5970.58544 19.159 0.036
5971.67833 19.122 0.034
5972.66474 19.152 0.036
5973.64777 19.094 0.029
5974.60281 19.011 0.039
5976.63695 19.112 0.050
5977.67046 19.020 0.040
5978.64636 19.069 0.035
5979.59712 19.169 0.041
5980.61277 19.069 0.039
5981.63625 19.055 0.042
5982.64210 19.080 0.046
5983.68479 19.157 0.038
5984.62378 19.226 0.046
5985.65614 18.999 0.042
5986.58589 19.192 0.040
5987.66136 19.120 0.050
5988.62731 18.973 0.046
5989.59181 19.060 0.038
5990.58530 18.982 0.058
5991.66033 19.136 0.074
5992.62056 19.180 0.057
5993.57744 19.276 0.059
5994.57610 19.106 0.057
5995.62379 19.082 0.060
5996.59388 19.273 0.082
5997.59604 19.081 0.055
5998.59439 19.181 0.046
5999.63311 19.069 0.039
6000.61050 19.157 0.043
6002.57421 19.242 0.054
6003.54031 19.029 0.049
6004.57909 19.115 0.044
6006.56682 19.028 0.038
6007.56605 19.158 0.038
6008.57387 19.081 0.041
6009.54166 19.126 0.053
6010.59371 19.104 0.060
6011.55597 19.144 0.046
6012.55507 19.063 0.042
6013.53680 19.212 0.053
6014.55577 18.965 0.041
6015.55088 19.231 0.050
6017.55493 19.120 0.046
6019.55570 18.973 0.046
6020.58050 19.110 0.048
6021.56859 19.084 0.055
6022.57861 18.993 0.053
6023.55413 19.142 0.055
6024.57696 18.977 0.060
6025.57699 19.025 0.051
6026.52327 18.989 0.057
6028.56003 19.176 0.054
6031.49836 19.035 0.060
6033.48548 18.906 0.056
6034.49109 19.039 0.047
6035.51647 19.057 0.046
6038.48472 18.927 0.059
6039.49140 19.048 0.070
6040.49368 19.026 0.050
6042.49131 19.107 0.059
6047.46836 19.072 0.069
6048.46707 19.003 0.056
6049.49039 19.110 0.051
6050.46598 18.961 0.061
6052.48165 19.069 0.058
6053.47826 18.954 0.056
6055.48728 19.003 0.053
6056.47428 19.227 0.067
6057.47017 19.090 0.050
6058.46165 18.975 0.050
6059.47148 19.103 0.053
6060.47424 19.092 0.057
6061.46538 18.976 0.063
6062.45944 19.032 0.084
6123.90888 19.180 0.044
6137.90686 19.172 0.049
6149.93052 19.104 0.059
6165.90681 19.100 0.050
6171.87263 19.215 0.044
6173.92219 19.277 0.088
6179.89161 19.031 0.067
6179.89867 19.034 0.052
6180.85120 19.159 0.059
6181.86541 19.191 0.035
6182.86999 19.142 0.033
6183.87167 19.169 0.029
6184.89823 19.132 0.029
6185.84792 19.255 0.036
6186.84495 19.211 0.039
6191.87502 19.233 0.035
6193.86232 19.052 0.035
6194.87899 19.154 0.034
6196.86682 19.196 0.039
6199.81582 19.032 0.048
6202.82328 18.989 0.056
6204.85837 19.083 0.036
6207.86914 19.123 0.046
6208.78543 19.107 0.035
6210.86785 19.038 0.040
6212.82064 19.115 0.042
6214.87180 19.155 0.053
6216.81850 19.212 0.035
6219.80349 19.150 0.042
6221.81677 19.107 0.047
6222.81770 19.051 0.053
6223.77474 19.127 0.040
6224.83934 19.007 0.034
6225.72234 19.071 0.054
6226.73470 19.093 0.051
6229.77930 19.192 0.056
6230.72111 19.004 0.067
6231.74591 18.951 0.048
6232.81188 19.186 0.044
6233.81844 19.107 0.037
6234.82230 19.226 0.039
6235.76968 19.202 0.039
6236.78726 19.094 0.036
6237.86327 19.225 0.044
6238.82098 19.141 0.037
6239.79499 19.152 0.040
6240.83825 19.108 0.056
6241.79192 19.126 0.040
6242.83486 19.130 0.033
6243.80323 19.199 0.042
6244.73608 19.128 0.036
6245.76052 19.083 0.036
6248.77721 19.153 0.036
6251.76783 19.118 0.033
6254.77769 19.159 0.034
6257.80497 19.028 0.054
6262.72982 19.082 0.036
6265.80138 19.206 0.033
6270.81775 19.091 0.031
6274.80938 19.110 0.033
6278.75643 19.052 0.039
6282.77928 18.993 0.035
6286.71254 19.218 0.046
6289.78183 19.092 0.042
6294.80187 19.177 0.046
6299.76024 18.951 0.038
6304.74059 18.999 0.037
6306.70243 19.193 0.036
6312.67473 19.055 0.036
6317.68584 19.211 0.051
6323.65906 19.103 0.034
6329.61825 19.080 0.041
6333.60863 19.042 0.037
6340.62121 18.999 0.031
6347.59131 19.239 0.051
6356.60874 19.053 0.038
6363.52545 19.185 0.046
6371.55044 19.097 0.039
6378.53376 19.106 0.051
6387.52389 19.172 0.043
6396.52985 19.130 0.043
6416.49110 18.963 0.044
6508.92035 19.052 0.049
6531.89456 19.200 0.039
6569.89794 19.091 0.064
6571.83493 19.300 0.036
6577.86823 19.190 0.032
6608.82191 19.172 0.031
6616.71994 19.166 0.039
6622.77391 19.218 0.046
6628.80003 19.089 0.031
6638.72686 19.311 0.037
6645.72476 19.195 0.043
6649.73166 19.278 0.042
6654.75035 19.091 0.032
6658.77050 19.218 0.029
6662.73027 18.895 0.033
6667.79041 18.993 0.040
6672.76508 18.954 0.052
6680.75931 19.159 0.038
6690.64190 19.177 0.033
6697.70259 19.136 0.033
6705.66580 19.061 0.041
6712.63513 19.124 0.035
6736.60505 18.997 0.055
6871.91475 19.173 0.042
6887.91274 19.127 0.035
6896.88301 19.156 0.046
6907.86563 19.126 0.042
6926.79539 19.122 0.034
6932.80377 19.125 0.039
6938.78951 19.142 0.052
6942.78700 19.181 0.042
6950.83779 19.208 0.036
6956.84058 19.183 0.040
6961.83522 19.096 0.039
6967.70661 19.019 0.062
6973.71210 19.079 0.047
6980.74898 19.206 0.038
6987.77995 19.001 0.036
6992.75208 19.094 0.034
6997.75786 18.988 0.049
7001.66779 19.111 0.052
7002.70155 19.186 0.040
7003.80817 19.060 0.038
7004.75201 19.014 0.040
7005.70017 19.099 0.041
7007.77783 19.036 0.040
7008.72879 19.163 0.037
7009.74244 19.103 0.032
7010.68375 19.156 0.037
7011.72700 19.043 0.039
7012.74990 19.066 0.044
7013.66124 19.115 0.037
7014.67883 19.114 0.029
7016.77183 19.078 0.033
7020.77387 19.075 0.047
7024.75189 19.078 0.038
7028.70501 19.014 0.057
7033.75907 19.004 0.042
7037.73259 19.078 0.033
7042.73016 18.999 0.027
7046.73136 19.020 0.034
7051.71450 19.125 0.036
7056.66228 19.118 0.046
7062.65397 19.063 0.035
7069.65012 19.106 0.040
7074.66125 19.062 0.042
7080.57758 19.036 0.040
7083.60429 19.056 0.040
7086.61237 19.094 0.058
7091.59327 19.079 0.039
7098.56256 19.089 0.031
7099.61065 19.127 0.035
7100.57246 19.018 0.036
7102.53558 19.276 0.050
7103.54981 19.153 0.037
7103.56100 19.080 0.032
7112.57316 19.062 0.047
7115.56810 19.095 0.053
7126.51718 19.120 0.033
7131.52174 18.987 0.049
7134.49202 19.018 0.051
7137.52190 19.105 0.041
7143.48635 19.252 0.072
7287.89416 19.087 0.050
7292.81777 19.062 0.063
7294.78941 19.256 0.058
7297.78867 19.127 0.046
7304.86721 19.092 0.038
7312.78509 19.175 0.039
7319.75772 19.030 0.058
7322.73687 19.039 0.060
7327.84077 19.143 0.047
7339.75088 19.059 0.031
7345.70938 19.096 0.043
7354.78623 19.152 0.040
7361.80903 18.985 0.032
7366.68158 19.154 0.037
7373.83489 19.129 0.038
7377.80679 19.205 0.037
7382.70497 19.073 0.049
7385.71841 19.074 0.034
7390.73955 19.118 0.029
7399.74478 19.089 0.041
7404.73437 19.031 0.032
7408.70747 19.027 0.036
7410.70884 19.079 0.048
7413.67159 19.078 0.048
7416.67845 19.056 0.039
7424.62081 19.061 0.036
7427.65841 19.048 0.038
7431.64497 19.077 0.033
7435.63973 19.239 0.042
7439.64631 19.130 0.039
7443.61521 18.985 0.033
7449.62362 19.092 0.040
7453.59804 19.187 0.033
7462.61253 19.085 0.032
7466.56021 19.046 0.053
7472.56697 19.067 0.052
7476.52267 19.077 0.037
7488.47644 19.179 0.060
7499.49962 19.117 0.054
7507.47187 18.967 0.038
7637.88998 19.105 0.037
7645.84768 19.089 0.042
7648.84221 19.125 0.048
7651.85554 19.119 0.039
7655.84047 19.066 0.033
7659.88515 19.062 0.036
7663.82789 19.186 0.033
7667.86444 19.146 0.035
7673.80515 19.061 0.037
7684.82612 19.030 0.053
7691.77129 19.091 0.029
7700.77374 19.019 0.041
7705.74000 19.033 0.049
7709.70009 19.139 0.039
7713.79275 19.103 0.040
7719.75601 19.095 0.031
7724.71303 19.061 0.041
7733.79262 19.108 0.038
7737.71422 19.150 0.042
7741.78918 19.089 0.040
7747.76555 19.071 0.039
7750.73948 19.051 0.041
7755.69996 19.014 0.038
7760.70434 19.148 0.037
7764.75732 19.025 0.046
7769.71744 19.114 0.041
7775.71943 19.034 0.038
7783.61016 19.019 0.032
7787.68881 19.080 0.034
7792.57755 19.106 0.038
7796.60444 19.155 0.048
7801.62070 19.207 0.046
7812.56672 18.966 0.053
7818.52443 19.098 0.036
7823.54017 19.148 0.064
7828.51486 19.139 0.047
7837.49701 19.054 0.049
7846.48321 18.937 0.057
7856.49953 19.047 0.067
7870.46878 19.095 0.059
8018.88181 19.122 0.033
8029.86910 19.101 0.039
8064.81271 19.130 0.044
8068.84925 19.147 0.032
8075.71833 19.066 0.040
8079.85724 19.040 0.042
8085.83293 19.118 0.048
8091.68324 19.101 0.060
8096.75577 19.084 0.033
8101.67972 19.128 0.036
8109.71355 19.083 0.037
8115.75750 19.183 0.034
8128.68355 19.056 0.027
8136.67337 19.100 0.039
8142.67009 19.055 0.037
8147.63414 19.120 0.042
8153.61074 19.208 0.032
8172.56756 19.221 0.057
8176.56490 19.170 0.054
8186.57499 19.136 0.048
8197.51551 19.096 0.042
8205.53219 19.177 0.062
8209.52919 19.062 0.046
8220.53142 19.086 0.042
8226.51144 18.934 0.052
8230.50921 18.971 0.043
8236.46965 19.105 0.053
8357.85283 19.125 0.037
8364.87993 19.158 0.032
8371.81055 19.150 0.037
8377.86329 19.086 0.041
8393.84308 19.072 0.032
8401.83631 19.075 0.031
8408.79077 19.083 0.033
8411.74978 19.075 0.043
8415.73489 19.183 0.051
8419.73190 19.158 0.041
8423.74202 19.136 0.038
8468.85165 19.202 0.033
8469.77731 19.087 0.033
8472.77550 19.031 0.033
8475.69530 19.131 0.044
8478.74293 19.158 0.038
8481.72071 19.119 0.035
8484.74794 19.077 0.039
8488.74447 19.091 0.032
8493.70651 19.059 0.036
8499.73960 19.030 0.041
8503.74122 19.270 0.058
8513.73773 18.973 0.037
8516.74427 19.009 0.030
8518.58278 19.150 0.027
8521.57047 19.126 0.034
8525.64086 19.124 0.030
8529.59328 19.105 0.033
8536.65754 19.012 0.034
8541.51714 19.059 0.046
8545.57078 19.140 0.031
8552.51690 19.046 0.042
8559.52552 19.094 0.047
8563.53663 19.188 0.046
8568.52933 19.194 0.035
8575.48321 18.948 0.057
8582.48661 19.125 0.042
8587.49474 19.071 0.044
8602.46779 19.050 0.039
8701.93857 18.982 0.064
8711.90641 19.168 0.061
8716.87968 19.117 0.033
8720.90497 19.065 0.051
8725.85696 19.101 0.035
8728.84995 19.225 0.033
8736.85992 19.114 0.051
8739.85140 19.059 0.054
8741.84297 19.013 0.050
8747.86712 18.923 0.038
8752.89936 19.109 0.047
8758.85708 19.073 0.036
8762.87955 19.111 0.038
8766.88087 19.108 0.036
8771.84297 19.122 0.060
8774.80274 19.112 0.038
8777.78792 19.112 0.038
8781.81992 19.003 0.032
8783.86908 19.054 0.032
8785.73079 19.043 0.030
8796.71675 19.016 0.035
8799.71785 19.013 0.053
8802.73757 19.035 0.036
8805.75239 19.106 0.042
8817.73349 19.146 0.034
8823.68738 19.103 0.033
8827.69202 19.097 0.038
8830.69460 19.164 0.040
8834.68732 19.140 0.038
8838.71230 19.090 0.034
8842.70257 19.096 0.026
8846.66299 19.115 0.025
8851.65469 19.117 0.027
8857.70082 19.174 0.052
8862.72992 19.015 0.047
8870.59224 19.032 0.042
8879.63860 19.117 0.034
8889.57151 19.192 0.054
8897.58482 19.156 0.034
8904.56293 19.070 0.037
8916.55652 19.156 0.053
8921.56020 19.077 0.036
