5265.55794 19.630 0.077
5429.91960 19.728 0.052
5451.90705 19.693 0.098
5456.88867 19.624 0.037
5457.87109 19.745 0.046
5465.84326 19.774 0.105
5471.81890 19.737 0.055
5478.76002 19.775 0.052
5522.71620 19.949 0.134
5523.68093 19.859 0.082
5526.67449 19.989 0.073
5532.67504 19.771 0.061
5539.71966 19.696 0.053
5540.80376 19.667 0.053
5541.66994 19.841 0.072
5542.72835 19.859 0.060
5544.74739 19.812 0.059
5561.67501 19.625 0.064
5566.68709 19.883 0.065
5568.70739 19.695 0.072
5575.69397 19.656 0.056
5576.66816 19.632 0.048
5577.66972 19.982 0.085
5578.67651 19.581 0.059
5579.72008 19.746 0.089
5579.72687 19.805 0.103
5580.67056 19.799 0.060
5581.67258 19.660 0.074
5582.68081 19.886 0.092
5583.68759 19.582 0.049
5586.63721 19.848 0.068
5592.64893 19.703 0.049
5594.64808 19.633 0.043
5671.47533 19.909 0.124
5674.47763 19.890 0.111
5681.48090 19.788 0.101
5682.48139 19.939 0.110
5687.46480 20.070 0.152
5803.86679 19.669 0.057
5805.83126 19.762 0.070
5806.88226 19.687 0.058
5809.84356 19.562 0.038
5840.80879 19.700 0.049
5855.81538 19.821 0.052
5864.69521 19.726 0.052
5871.72065 19.640 0.051
5885.68342 19.729 0.073
5931.64993 19.485 0.057
5938.67021 19.612 0.056
5942.77420 19.906 0.062
5943.73169 19.843 0.067
5947.71155 19.783 0.076
5953.68591 19.531 0.054
5960.69567 19.838 0.064
5961.62905 19.896 0.062
5963.59664 19.530 0.073
5965.60759 19.586 0.065
5974.60067 19.741 0.068
5976.63482 19.952 0.083
6008.57178 19.897 0.077
6018.50780 19.665 0.084
6042.48930 19.563 0.085
6137.90488 19.878 0.074
6149.92850 19.633 0.080
6180.84912 20.068 0.115
6181.86334 19.688 0.043
6182.86790 20.039 0.057
6184.89614 19.923 0.046
6186.84284 19.702 0.056
6191.87292 19.565 0.039
6193.86021 19.890 0.058
6202.82114 19.508 0.074
6204.85624 19.530 0.047
6210.86572 19.813 0.069
6212.81851 19.571 0.055
6216.81634 19.925 0.053
6219.80132 19.831 0.064
6222.81554 19.921 0.097
6223.77258 19.793 0.062
6224.83716 19.995 0.072
6225.72016 19.567 0.069
6226.73252 19.777 0.083
6229.77712 19.651 0.072
6231.74374 19.846 0.091
6233.81626 19.564 0.052
6234.82012 19.826 0.058
6235.76750 19.764 0.053
6237.86109 19.760 0.060
6239.79279 19.618 0.051
6245.75832 19.552 0.047
6248.77501 19.782 0.050
6251.76562 19.859 0.055
6257.80276 19.686 0.088
6262.72762 20.095 0.089
6274.80687 19.619 0.050
6278.75422 19.523 0.052
6282.77708 19.702 0.062
6294.79967 19.769 0.068
6299.75749 19.604 0.063
6312.67254 19.853 0.070
6343.56288 19.636 0.078
6347.58920 19.972 0.094
6356.60663 19.872 0.074
6378.53165 19.798 0.090
6396.52782 19.598 0.057
6508.91832 19.821 0.082
6547.85800 19.833 0.067
6561.82602 19.956 0.073
6583.77951 19.783 0.074
6622.77169 19.438 0.053
6628.79740 19.930 0.059
6645.72256 19.909 0.077
6658.76584 19.669 0.041
6705.66368 20.018 0.094
6720.67241 19.922 0.074
6736.60297 19.622 0.097
6887.91069 19.785 0.054
6932.80162 19.829 0.073
7287.89205 19.638 0.073
7427.65415 19.717 0.056
